  0 18  0  0  0  0  7  0  0
  0  0  0  0 12  0  0  0  0
  0  0  9  0  0  0  0 31  0
  0  0  0  0  0  0  0  0  0
  0  5  0 11  0 22  0 22  0
  0  0  0  0  0  0  0  0  0
  0  9  0  0  0  0 19  0  0
  0  0  0  0 14  0  0  0  0
  0  0 22  0  0  0  0 15  0

found !!!
0 8 , 1 7 , 8 6 , 7 0 , 6 1 , 2 5 , 3 4 , 4 2 , 
  9 18  9  9  0  0  7  0  9
  7  0  0  0 12  7  7  7  9
  6  0  9  5  5  5  8 31  9
  6  3  4  4  4  5  8  7  9
  0  5  2 11  4 22  8 22  0
  6  0  2  1  4  5  8  7  9
  6  9  3  3  0  3 19  0  9
  6  0  6  0 14  6  8  7  9
  8  8 22  8  8  8  8 15  0
found !!!
0 8 , 1 7 , 8 6 , 7 0 , 6 1 , 2 5 , 3 4 , 4 2 , 
  9 18  9  9  0  0  7  0  9
  7  0  0  0 12  7  7  7  9
  6  0  9  5  5  5  8 31  9
  6  3  4  4  4  5  8  7  9
  0  5  2 11  4 22  8 22  0
  6  0  2  1  4  5  8  7  9
  6  9  3  3  0  3 19  0  9
  6  0  6  6 14  0  8  7  9
  8  8 22  8  8  8  8 15  0
found !!!
0 8 , 1 7 , 8 6 , 7 0 , 6 1 , 2 5 , 3 4 , 4 2 , 
  9 18  9  9  0  0  7  0  9
  7  0  0  0 12  7  7  7  9
  6  0  9  5  5  5  8 31  9
  6  3  4  4  4  5  8  7  9
  0  5  2 11  4 22  8 22  0
  6  0  2  1  4  5  8  7  9
  0  9  3  3  0  3 19  0  9
  6  6  6  0 14  6  8  7  9
  8  8 22  8  8  8  8 15  0
found !!!
0 8 , 1 7 , 8 6 , 7 0 , 6 1 , 2 5 , 3 4 , 4 2 , 
  9 18  9  9  0  0  7  0  9
  7  0  0  0 12  7  7  7  9
  6  0  9  5  5  5  8 31  9
  6  3  4  4  4  5  8  7  9
  0  5  2 11  4 22  8 22  0
  6  0  2  1  4  5  8  7  9
  0  9  3  3  0  3 19  0  9
  6  6  6  6 14  0  8  7  9
  8  8 22  8  8  8  8 15  0
found !!!
0 8 , 1 7 , 8 6 , 7 0 , 6 1 , 2 5 , 3 4 , 4 2 , 
  9 18  9  9  0  0  7  0  9
  7  0  0  0 12  7  7  7  9
  6  0  9  5  5  5  8 31  9
  6  0  4  4  4  5  8  7  9
  0  5  2 11  4 22  8 22  0
  6  3  2  1  4  5  8  7  9
  6  9  0  3  0  3 19  0  9
  6  0  6  0 14  6  8  7  9
  8  8 22  8  8  8  8 15  0
found !!!
0 8 , 1 7 , 8 6 , 7 0 , 6 1 , 2 5 , 3 4 , 4 2 , 
  9 18  9  9  0  0  7  0  9
  7  0  0  0 12  7  7  7  9
  6  0  9  5  5  5  8 31  9
  6  0  4  4  4  5  8  7  9
  0  5  2 11  4 22  8 22  0
  6  3  2  1  4  5  8  7  9
  6  9  0  3  0  3 19  0  9
  6  0  6  6 14  0  8  7  9
  8  8 22  8  8  8  8 15  0
found !!!
0 8 , 1 7 , 8 6 , 7 0 , 6 1 , 2 5 , 3 4 , 4 2 , 
  9 18  9  9  0  0  7  0  9
  7  0  0  0 12  7  7  7  9
  6  0  9  5  5  5  8 31  9
  6  0  4  4  4  5  8  7  9
  0  5  2 11  4 22  8 22  0
  6  3  2  1  4  5  8  7  9
  0  9  0  3  0  3 19  0  9
  6  6  6  0 14  6  8  7  9
  8  8 22  8  8  8  8 15  0
found !!!
0 8 , 1 7 , 8 6 , 7 0 , 6 1 , 2 5 , 3 4 , 4 2 , 
  9 18  9  9  0  0  7  0  9
  7  0  0  0 12  7  7  7  9
  6  0  9  5  5  5  8 31  9
  6  0  4  4  4  5  8  7  9
  0  5  2 11  4 22  8 22  0
  6  3  2  1  4  5  8  7  9
  0  9  0  3  0  3 19  0  9
  6  6  6  6 14  0  8  7  9
  8  8 22  8  8  8  8 15  0
found !!!
0 8 , 1 7 , 8 6 , 7 0 , 6 1 , 2 5 , 3 4 , 4 2 , 
  9 18  9  9  0  0  7  0  9
  7  0  0  7 12  0  7  7  9
  6  0  9  5  5  5  8 31  9
  6  3  4  4  4  5  8  7  9
  0  5  2 11  4 22  8 22  0
  6  0  2  1  4  5  8  7  9
  6  9  3  3  0  3 19  0  9
  6  0  6  0 14  6  8  7  9
  8  8 22  8  8  8  8 15  0
found !!!
0 8 , 1 7 , 8 6 , 7 0 , 6 1 , 2 5 , 3 4 , 4 2 , 
  9 18  9  9  0  0  7  0  9
  7  0  0  7 12  0  7  7  9
  6  0  9  5  5  5  8 31  9
  6  3  4  4  4  5  8  7  9
  0  5  2 11  4 22  8 22  0
  6  0  2  1  4  5  8  7  9
  6  9  3  3  0  3 19  0  9
  6  0  6  6 14  0  8  7  9
  8  8 22  8  8  8  8 15  0
found !!!
0 8 , 1 7 , 8 6 , 7 0 , 6 1 , 2 5 , 3 4 , 4 2 , 
  9 18  9  9  0  0  7  0  9
  7  0  0  7 12  0  7  7  9
  6  0  9  5  5  5  8 31  9
  6  3  4  4  4  5  8  7  9
  0  5  2 11  4 22  8 22  0
  6  0  2  1  4  5  8  7  9
  0  9  3  3  0  3 19  0  9
  6  6  6  0 14  6  8  7  9
  8  8 22  8  8  8  8 15  0
found !!!
0 8 , 1 7 , 8 6 , 7 0 , 6 1 , 2 5 , 3 4 , 4 2 , 
  9 18  9  9  0  0  7  0  9
  7  0  0  7 12  0  7  7  9
  6  0  9  5  5  5  8 31  9
  6  3  4  4  4  5  8  7  9
  0  5  2 11  4 22  8 22  0
  6  0  2  1  4  5  8  7  9
  0  9  3  3  0  3 19  0  9
  6  6  6  6 14  0  8  7  9
  8  8 22  8  8  8  8 15  0
found !!!
0 8 , 1 7 , 8 6 , 7 0 , 6 1 , 2 5 , 3 4 , 4 2 , 
  9 18  9  9  0  0  7  0  9
  7  0  0  7 12  0  7  7  9
  6  0  9  5  5  5  8 31  9
  6  0  4  4  4  5  8  7  9
  0  5  2 11  4 22  8 22  0
  6  3  2  1  4  5  8  7  9
  6  9  0  3  0  3 19  0  9
  6  0  6  0 14  6  8  7  9
  8  8 22  8  8  8  8 15  0
found !!!
0 8 , 1 7 , 8 6 , 7 0 , 6 1 , 2 5 , 3 4 , 4 2 , 
  9 18  9  9  0  0  7  0  9
  7  0  0  7 12  0  7  7  9
  6  0  9  5  5  5  8 31  9
  6  0  4  4  4  5  8  7  9
  0  5  2 11  4 22  8 22  0
  6  3  2  1  4  5  8  7  9
  6  9  0  3  0  3 19  0  9
  6  0  6  6 14  0  8  7  9
  8  8 22  8  8  8  8 15  0
found !!!
0 8 , 1 7 , 8 6 , 7 0 , 6 1 , 2 5 , 3 4 , 4 2 , 
  9 18  9  9  0  0  7  0  9
  7  0  0  7 12  0  7  7  9
  6  0  9  5  5  5  8 31  9
  6  0  4  4  4  5  8  7  9
  0  5  2 11  4 22  8 22  0
  6  3  2  1  4  5  8  7  9
  0  9  0  3  0  3 19  0  9
  6  6  6  0 14  6  8  7  9
  8  8 22  8  8  8  8 15  0
found !!!
0 8 , 1 7 , 8 6 , 7 0 , 6 1 , 2 5 , 3 4 , 4 2 , 
  9 18  9  9  0  0  7  0  9
  7  0  0  7 12  0  7  7  9
  6  0  9  5  5  5  8 31  9
  6  0  4  4  4  5  8  7  9
  0  5  2 11  4 22  8 22  0
  6  3  2  1  4  5  8  7  9
  0  9  0  3  0  3 19  0  9
  6  6  6  6 14  0  8  7  9
  8  8 22  8  8  8  8 15  0
Time taken: 0.461751 seconds
