  0 18  0  0  0  0  7  0  0
  0  0  0  0 12  0  0  0  0
  0  0  9  0  0  0  0 31  0
  0  0  0  0  0  0  0  0  0
  0  5  0 11  0 22  0 22  0
  0  0  0  0  0  0  0  0  0
  0  9  0  0  0  0 19  0  0
  0  0  0  0 14  0  0  0  0
  0  0 22  0  0  0  0 15  0

found !!!
0 8 , 1 7 , 8 6 , 2 0 , 3 5 , 7 4 , 4 1 , 5 2 , 
  9 18  9  9  9  9  7  9  9
  7  7  7  7 12  7  7  7  9
  5  5  9  5  5  5  8 31  9
  5  4  4  4  4  4  8  7  9
  5  5  3 11  6 22  8 22  9
  5  3  2  2  6  4  8  7  9
  5  9  2  1  6  4 19  7  9
  5  6  6  6 14  4  8  7  9
  8  8 22  8  8  8  8 15  9
found !!!
0 8 , 1 7 , 8 6 , 2 0 , 3 5 , 7 4 , 4 1 , 5 3 , 
  9 18  9  9  9  9  7  9  9
  7  7  7  7 12  7  7  7  9
  5  5  9  5  5  5  8 31  9
  5  4  4  4  4  4  8  7  9
  5  5  3 11  6 22  8 22  9
  5  3  2  2  6  4  8  7  9
  5  9  1  2  6  4 19  7  9
  5  6  6  6 14  4  8  7  9
  8  8 22  8  8  8  8 15  9
found !!!
0 8 , 1 7 , 8 6 , 2 0 , 3 5 , 7 4 , 4 1 , 6 2 , 
  9 18  9  9  9  9  7  9  9
  7  7  7  7 12  7  7  7  9
  5  5  9  5  5  5  8 31  9
  5  4  4  4  4  4  8  7  9
  5  5  3 11  6 22  8 22  9
  5  3  2  1  6  4  8  7  9
  5  9  2  2  6  4 19  7  9
  5  6  6  6 14  4  8  7  9
  8  8 22  8  8  8  8 15  9
found !!!
0 8 , 1 7 , 8 6 , 2 0 , 3 5 , 7 4 , 4 1 , 6 3 , 
  9 18  9  9  9  9  7  9  9
  7  7  7  7 12  7  7  7  9
  5  5  9  5  5  5  8 31  9
  5  4  4  4  4  4  8  7  9
  5  5  3 11  6 22  8 22  9
  5  3  1  2  6  4  8  7  9
  5  9  2  2  6  4 19  7  9
  5  6  6  6 14  4  8  7  9
  8  8 22  8  8  8  8 15  9
found !!!
0 8 , 1 7 , 8 6 , 2 0 , 3 5 , 7 4 , 6 1 , 4 2 , 
  9 18  9  9  9  9  7  9  9
  7  7  7  7 12  7  7  7  9
  5  5  9  5  5  5  8 31  9
  5  4  4  4  4  4  8  7  9
  5  5  2 11  6 22  8 22  9
  5  3  2  1  6  4  8  7  9
  5  9  3  3  6  4 19  7  9
  5  6  6  6 14  4  8  7  9
  8  8 22  8  8  8  8 15  9
found !!!
0 8 , 1 7 , 8 6 , 2 0 , 3 5 , 7 4 , 6 1 , 5 3 , 
  9 18  9  9  9  9  7  9  9
  7  7  7  7 12  7  7  7  9
  5  5  9  5  5  5  8 31  9
  5  4  4  4  4  4  8  7  9
  5  5  1 11  6 22  8 22  9
  5  3  2  2  6  4  8  7  9
  5  9  3  3  6  4 19  7  9
  5  6  6  6 14  4  8  7  9
  8  8 22  8  8  8  8 15  9
found !!!
0 8 , 1 7 , 8 6 , 2 0 , 3 5 , 7 4 , 6 3 , 4 1 , 
  9 18  9  9  9  9  7  9  9
  7  7  7  7 12  7  7  7  9
  5  5  9  5  5  5  8 31  9
  5  4  4  4  4  4  8  7  9
  5  5  2 11  6 22  8 22  9
  5  2  1  3  6  4  8  7  9
  5  9  3  3  6  4 19  7  9
  5  6  6  6 14  4  8  7  9
  8  8 22  8  8  8  8 15  9
found !!!
0 8 , 1 7 , 8 6 , 2 0 , 3 5 , 7 4 , 6 3 , 4 2 , 
  9 18  9  9  9  9  7  9  9
  7  7  7  7 12  7  7  7  9
  5  5  9  5  5  5  8 31  9
  5  4  4  4  4  4  8  7  9
  5  5  2 11  6 22  8 22  9
  5  1  2  3  6  4  8  7  9
  5  9  3  3  6  4 19  7  9
  5  6  6  6 14  4  8  7  9
  8  8 22  8  8  8  8 15  9
found !!!
0 8 , 1 7 , 8 6 , 2 0 , 3 5 , 7 4 , 6 3 , 5 1 , 
  9 18  9  9  9  9  7  9  9
  7  7  7  7 12  7  7  7  9
  5  5  9  5  5  5  8 31  9
  5  4  4  4  4  4  8  7  9
  5  5  1 11  6 22  8 22  9
  5  2  2  3  6  4  8  7  9
  5  9  3  3  6  4 19  7  9
  5  6  6  6 14  4  8  7  9
  8  8 22  8  8  8  8 15  9
found !!!
0 8 , 1 7 , 8 6 , 7 0 , 6 1 , 2 5 , 3 4 , 4 2 , 
  9 18  9  9  9  9  7  9  9
  7  7  7  7 12  7  7  7  9
  6  3  9  5  5  5  8 31  9
  6  3  4  4  4  5  8  7  9
  6  5  2 11  4 22  8 22  9
  6  3  2  1  4  5  8  7  9
  6  9  3  3  3  3 19  7  9
  6  6  6  6 14  6  8  7  9
  8  8 22  8  8  8  8 15  9
found !!!
0 8 , 1 7 , 8 6 , 7 0 , 6 1 , 2 5 , 5 4 , 4 2 , 
  9 18  9  9  9  9  7  9  9
  7  7  7  7 12  7  7  7  9
  6  3  9  5  5  5  8 31  9
  6  3  2  1  4  5  8  7  9
  6  5  2 11  4 22  8 22  9
  6  3  4  4  4  5  8  7  9
  6  9  3  3  3  3 19  7  9
  6  6  6  6 14  6  8  7  9
  8  8 22  8  8  8  8 15  9
Time taken: 0.469867 seconds
